=== Train Internal Metrics ===
silhouette: 0.3825272023677826
calinski_harabasz: 41.71340517428846
davies_bouldin: 0.4957411533306598
n_clusters: 2
noise_percent: 0.0

=== Test Internal Metrics ===
silhouette: 0.19735339283943176
calinski_harabasz: 34.61293042201716
davies_bouldin: 1.104529876560845
n_clusters: 4
noise_percent: 13.333333333333334
